0 49.7469
0.01 48.1927
0.02 42.781
0.03 36.1198
0.04 20.4154
0.05 12.9271
0.06 15.0326
0.07 12.7373
0.08 10.8192
0.09 9.16859
0.1 8.51695
0.11 8.26915
0.12 6.68542
0.13 4.49571
0.14 7.23424
0.15 11.9887
0.16 13.8742
0.17 12.8969
0.18 11.1245
0.19 7.24994
0.2 4.71537
0.21 7.93164
0.22 7.99944
0.23 7.68701
0.24 5.95277
0.25 2.89288
0.26 0.848136
0.27 3.51073
0.28 6.05367
0.29 3.53333
0.3 1.6165
0.31 1.88102
0.32 2.03593
0.33 1.45895
0.34 3.36689
0.35 4.8852
0.36 3.30407
0.37 1.15277
0.38 1.31186
0.39 2.7652
0.4 3.24655
0.41 1.86384
0.42 1.56299
0.43 0.62452
0.44 0.63774
0.45 0.766102
0.46 1.19898
0.47 1.44328
0.48 1.51629
0.49 1.54328
0.5 1.18362
0.51 0.598983
0.52 0.537382
0.53 0.881808
0.54 0.61209
0.55 1.10198
0.56 1.82802
0.57 2.10565
0.58 0.824011
0.59 0.882825
0.6 1.38452
0.61 0.684068
0.62 0.576083
0.63 1.07989
0.64 0.71548
0.65 0.520998
0.66 0.490508
0.67 0.650621
0.68 0.520998
0.69 1.11299
0.7 1.66407
0.71 2.73379
0.72 1.4678
0.73 3.27514
0.74 2.2104
0.75 0.557288
0.76 0.582109
0.77 0.571751
0.78 0.605198
0.79 0.548305
0.8 0.764181
0.81 1.07446
0.82 0.846987
0.83 0.544859
0.84 0.479774
0.85 0.719586
0.86 0.828588
0.87 0.544407
0.88 0.879002
0.89 0.867684
0.9 1.77921
0.91 3.7478
0.92 1.01902
0.93 1.71706
0.94 0.777288
0.95 0.721281
0.96 0.717514
0.97 0.66339
0.98 0.751883
0.99 0.762712
1 0.795819
