0 49.6463
0.01 49.1354
0.02 47.8768
0.03 44.329
0.04 37.8833
0.05 30.6405
0.06 26.1199
0.07 20.4408
0.08 18.1487
0.09 16.8847
0.1 16.2363
0.11 15.6213
0.12 15.7436
0.13 15.5463
0.14 15.7548
0.15 15.4223
0.16 15.0977
0.17 15.2218
0.18 14.951
0.19 15.4966
0.2 15.2401
0.21 15.2758
0.22 14.9785
0.23 15.1842
0.24 15.0038
0.25 14.6644
0.26 15.0715
0.27 15.7922
0.28 15.539
0.29 14.7555
0.3 14.7972
0.31 15.3806
0.32 15.4157
0.33 15.1901
0.34 14.4674
0.35 14.3218
0.36 14.4948
0.37 14.9466
0.38 14.9903
0.39 14.4972
0.4 14.298
0.41 14.574
0.42 14.3226
0.43 14.0364
0.44 13.9086
0.45 14.1569
0.46 14.1398
0.47 13.7117
0.48 14.7976
0.49 14.7895
0.5 14.9031
0.51 14.8064
0.52 14.1833
0.53 14.6242
0.54 15.161
0.55 15.2715
0.56 14.6766
0.57 14.7518
0.58 14.8761
0.59 14.9589
0.6 15.4
0.61 15.0237
0.62 14.6072
0.63 14.5393
0.64 14.8065
0.65 13.8134
0.66 14.2345
0.67 14.8569
0.68 14.9366
0.69 14.9792
0.7 14.7186
0.71 14.7469
0.72 14.761
0.73 14.762
0.74 14.3089
0.75 14.0723
0.76 13.5093
0.77 13.7955
0.78 13.4257
0.79 13.3316
0.8 13.3812
0.81 13.7442
0.82 14.1812
0.83 14.225
0.84 14.4256
0.85 14.6818
0.86 14.4408
0.87 14.7936
0.88 14.5188
0.89 14.3049
0.9 13.9626
0.91 13.8944
0.92 14.3113
0.93 14.5661
0.94 14.3559
0.95 13.5653
0.96 14.584
0.97 14.5924
0.98 14.3081
0.99 13.9521
1 14.4034
