0 36.5034
0.03 41.2158
0.06 41.1927
0.09 41.5723
0.12 42.3339
0.15 38.6147
0.18 37.5079
0.21 38.1932
0.24 37.5
0.27 36.6169
0.3 37.0249
0.33 35.9395
0.36 34.1418
0.39 35.9678
0.42 34.3904
0.45 34.0463
0.48 30.2763
0.51 27.265
0.54 20.4215
0.57 13.2975
0.6 8.1613
0.63 2.44991
0.66 1.18023
0.69 0.365537
0.72 0.710734
0.75 0.916384
0.78 0.715819
0.81 0.666478
0.84 0.449718
0.87 0.799718
0.9 0.698682
0.93 1.22062
0.96 0.566102
0.99 0.875706
1.02 0.383333
1.05 0.699718
1.08 0.786441
1.11 0.599718
1.14 0.931638
1.17 0.543315
1.2 0.266667
1.23 1.27853
1.26 0.754426
1.29 0.599718
1.32 0.799718
1.35 0.444444
1.38 0.732768
1.41 1.01441
1.44 1.72797
1.47 1.1307
1.5 0.533333
1.53 0.666102
1.56 0.455179
1.59 0.665819
1.62 0.466667
1.65 0.849435
1.68 1.10716
1.71 0.965819
1.74 1.05028
1.77 0.622034
1.8 1.04944
1.83 0.979379
1.86 0.444444
1.89 0.533333
1.92 0.666102
1.95 0.842561
1.98 0.999718
2.01 0.933333
2.04 0.533333
2.07 0.5
2.1 0.583051
2.13 0.882298
2.16 0.4
2.19 0.532768
2.22 1.40527
2.25 1.06441
2.28 0.532203
2.31 0.622034
2.34 1.02966
2.37 0.844915
2.4 0.310923
2.43 0.666384
2.46 0.532768
2.49 0.54275
2.52 0.599435
2.55 0.566102
2.58 0.710358
2.61 0.999718
2.64 0.899435
2.67 0.4
2.7 0.732768
2.73 0.582768
2.76 0.6
2.79 0.6
2.82 0.333333
2.85 0.897552
2.88 0.666102
2.91 0.79887
2.94 0.510923
2.97 0.533333
3 1.21384
