0 37.275
0.03 37.3
0.06 36.1333
0.09 35.725
0.12 35.7792
0.15 34.4417
0.18 33.8667
0.21 31.9917
0.24 31.5625
0.27 30.7917
0.3 30.1389
0.33 28.635
0.36 26.4317
0.39 28.4958
0.42 28.2833
0.45 26.9875
0.48 27.0375
0.51 28.3729
0.54 28.0354
0.57 29.4028
0.6 28.7188
0.63 26.9979
0.66 24.8467
0.69 22.1875
0.72 23.0983
0.75 22.4233
0.78 23.2517
0.81 24.875
0.84 25.5783
0.87 26.4708
0.9 27.4917
0.93 26.5333
0.96 26.97
0.99 27.2917
1.02 27.2917
1.05 28.4625
1.08 27.7467
1.11 28.5312
1.14 28.6972
1.17 27.0896
1.2 27.6
1.23 25.3792
1.26 25.2083
1.29 26.45
1.32 26.1146
1.35 29.5233
1.38 29.1833
1.41 29.925
1.44 29.1562
1.47 30.75
1.5 30.3583
1.53 30.1458
1.56 29.15
1.59 28.2625
1.62 27.5056
1.65 26.6542
1.68 25.475
1.71 25.645
1.74 27.3833
1.77 26.535
1.8 26.3767
1.83 25.2021
1.86 25.9
1.89 27.3021
1.92 27.9167
1.95 26.3233
1.98 27.3583
2.01 28.19
2.04 27.585
2.07 28.1813
2.1 29.0875
2.13 28.6229
2.16 29.3042
2.19 30.3563
2.22 29.7562
2.25 30.355
2.28 28.42
2.31 27.0483
2.34 26.0729
2.37 27.0167
2.4 26.9917
2.43 27.125
2.46 27.7889
2.49 27.4117
2.52 27.7729
2.55 28.4933
2.58 27.605
2.61 27.7729
2.64 26.9229
2.67 27.5417
2.7 28.5
2.73 29.825
2.76 29.85
2.79 29.4854
2.82 28.925
2.85 27.5042
2.88 26.8417
2.91 29.1292
2.94 28.1717
2.97 25.745
3 24.7
